H1:
W:[[-0.01970881  0.46177067  0.42072206  0.16303686 -0.45585135  0.0236874
   0.52530374 -0.16466153  0.06903295 -0.52120582]
 [ 0.11081439 -0.29766931 -0.07488997  0.34784156  0.5409795  -0.45475124
   0.06909644 -0.42222221 -0.18265806  0.53003502]
 [-0.26477274 -0.26116383 -0.1070768   0.29229906 -0.1314006   0.28664407
  -0.19943168  0.21705138 -0.21273976  0.03347064]
 [-0.02801517 -0.10676185 -0.24321706 -0.25890467  0.26068701  0.47106769
   0.44281303 -0.49785422  0.18006382 -0.27771312]
 [-0.10533582 -0.27392864 -0.47887969  0.18335096  0.21901773  0.14647929
  -0.04026589 -0.35284972 -0.18217089  0.12500467]
 [-0.35799454 -0.51812436  0.06295656 -0.41617778 -0.11954193 -0.09002741
  -0.28740298 -0.00836566  0.16470594 -0.36940667]
 [ 0.41759695 -0.11732448 -0.17328699 -0.05196434  0.02476126 -0.31878624
  -0.42798977  0.34203195 -0.18114542 -0.05890771]
 [ 0.40005522  0.47453155  0.24050131 -0.15941599  0.34900713 -0.46190934
   0.20658163  0.10034159  0.15708619  0.23075588]
 [ 0.21488529  0.15435812  0.07539542  0.04762985 -0.34746036 -0.32323927
   0.30553506  0.31892784 -0.26963213  0.00909644]
 [ 0.34779648 -0.36424449  0.44277289 -0.06993837  0.42129902  0.43409813
  -0.36303369 -0.4189459  -0.23340699  0.22409402]]
B:[[-0.01595052 -0.03236514  0.28686148  0.01470264 -0.01597837  0.0026566
  -0.03370667 -0.11030491  0.02138006  0.04559745]]

H2:
W:[[-1.79625487e-01  2.21328084e-01  3.25666837e-01 -4.11069966e-01
   2.88026005e-01 -9.95094548e-02 -2.85555181e-01 -1.43738378e-02
   3.39347501e-01 -3.70341024e-01]
 [ 2.55666593e-01 -3.65329603e-01  3.30154209e-01  1.17010363e-01
  -4.90745948e-01  1.91431202e-01  4.52118514e-01  3.89435783e-01
   2.05947580e-01 -3.73165111e-01]
 [ 1.54673039e-01  3.51147379e-01  2.23589054e-01 -3.29688834e-01
   2.25183285e-02  2.67478036e-01  3.53645573e-01 -3.82664911e-01
   2.56726690e-01 -1.40267329e-01]
 [ 3.86493003e-01 -3.93774090e-01  4.95616707e-01  2.68832840e-01
   5.56782775e-01 -2.07500087e-01 -1.35425551e-01 -1.39735407e-01
   3.24887033e-01 -3.30256803e-01]
 [-9.15076302e-02 -2.39221127e-01 -3.32966126e-01 -4.35363053e-01
   1.27542452e-01  5.41163854e-01 -4.54333924e-01 -2.93459313e-01
   1.47667590e-03 -1.12745173e-01]
 [ 4.15007408e-01  4.59334372e-01 -6.80593905e-02 -3.95992683e-01
   1.48596890e-01 -3.54882852e-01  1.12009416e-01  4.54958569e-01
   4.74175046e-01  1.39495290e-01]
 [-3.22003160e-01 -2.52310283e-01 -3.22320694e-01  1.05798684e-01
   3.20479633e-01  1.35697123e-01  2.55099112e-01 -7.35561552e-02
  -6.22873504e-02 -4.11059756e-01]
 [ 2.99422830e-01  8.04973633e-02  4.01423391e-01 -2.34552863e-01
  -2.94777664e-01  2.58175371e-01 -4.76606938e-01  5.31367939e-01
  -4.52105007e-01 -2.88835308e-01]
 [-2.59332960e-01 -3.97812122e-01 -8.88460698e-02  3.20099004e-01
  -3.03111951e-01 -2.17348768e-01 -1.92147977e-01 -5.10482426e-01
  -3.59335969e-01 -2.69942396e-01]
 [ 8.61202494e-02 -1.67747404e-01 -4.78565382e-01 -1.61776338e-04
   9.38741373e-03 -8.56281393e-02 -2.62114886e-02  4.09010226e-01
  -1.90646128e-01  2.11649962e-02]]
B:[[ 0.08253009 -0.02828368  0.20658045  0.03339369  0.03383977 -0.02820284
  -0.01480072  0.1693988   0.24811038  0.04166674]]

OUT:
W:[[ 0.14340978]
 [ 0.00148266]
 [-0.42984007]
 [ 0.34868257]
 [-0.20274425]
 [ 0.25423453]
 [ 0.31958523]
 [-0.21986516]
 [ 0.23676482]
 [ 0.408015  ]]
B:[[0.51240855]]
